α;0.1;0.05;0.025;0.01;0.005;0.001
v1;2.7055;3.8415;5.0239;6.6349;7.8794;10.8276
v2;4.6052;5.9915;7.3778;9.2103;10.5966;13.8155
v3;6.2514;7.8147;9.3484;11.3449;12.8382;16.2662
v4;7.7794;9.4877;11.1433;13.2767;14.8603;18.4668
v5;9.2364;11.0705;12.8325;15.0863;16.7496;20.5150
v6;10.6446;12.5916;14.4494;16.8119;18.5476;22.4577
v7;12.0170;14.0671;16.0128;18.4753;20.2777;24.3219
v8;13.3616;15.5073;17.5345;20.0902;21.9550;26.1245
v9;14.6837;16.9190;19.0228;21.6660;23.5894;27.8772
v10;15.9872;18.3070;20.4832;23.2093;25.1882;29.5883
v11;17.2750;19.6751;21.9200;24.7250;26.7568;31.2641
v12;18.5493;21.0261;23.3367;26.2170;28.2995;32.9095
v13;19.8119;22.3620;24.7356;27.6882;29.8195;34.5282
v14;21.0641;23.6848;26.1189;29.1412;31.3193;36.1233
v15;22.3071;24.9958;27.4884;30.5779;32.8013;37.6973
v16;23.5418;26.2962;28.8454;31.9999;34.2672;39.2524
v17;24.7690;27.5871;30.1910;33.4087;35.7185;40.7902
v18;25.9894;28.8693;31.5264;34.8053;37.1565;42.3124
v19;27.2036;30.1435;32.8523;36.1909;38.5823;43.8202
v20;28.4120;31.4104;34.1696;37.5662;39.9968;45.3147
v21;29.6151;32.6706;35.4789;38.9322;41.4011;46.7970
v22;30.8133;33.9244;36.7807;40.2894;42.7957;48.2679
v23;32.0069;35.1725;38.0756;41.6384;44.1813;49.7282
v24;33.1962;36.4150;39.3641;42.9798;45.5585;51.1786
v25;34.3816;37.6525;40.6465;44.3141;46.9279;52.6197
v26;35.5632;38.8851;41.9232;45.6417;48.2899;54.0520
v27;36.7412;40.1133;43.1945;46.9629;49.6449;55.4760
v28;37.9159;41.3371;44.4608;48.2782;50.9934;56.8923
v29;39.0875;42.5570;45.7223;49.5879;52.3356;58.3012
v30;40.2560;43.7730;46.9792;50.8922;53.6720;59.7031
v31;41.4217;44.9853;48.2319;52.1914;55.0027;61.0983
v63;77.7454;82.5287;86.8296;92.0100;95.6493;103.4424
v127;147.8048;154.3015;160.0858;166.9874;171.7961;181.9930
v255;284.3359;293.2478;301.1250;310.4574;316.9194;330.5197
v511;552.3739;564.6961;575.5298;588.2978;597.0978;615.5149
v1023;1081.3794;1098.5208;1113.5334;1131.1587;1143.2653;1168.4972